180 320 3 -1 
 0 0 0.0699005126953125 12.389761238976124 1 17 2 1 1 
0 0 0.09635138511657715 5.377481794983507 1 44 4 2 1 
0 50 0.08781147003173828 2.804238814689797 1 88 6 3 1 
0 100 0.0986933708190918 1.9807200742770028 1 114 9 4 1 
0 150 0.08939170837402344 2.0296459865160092 1 115 11 5 1 
0 200 0.10933136940002441 1.916989616306245 1 116 14 6 1 
0 250 0.1097114086151123 1.9662377983858514 1 116 16 7 1 
0 300 0.09879088401794434 2.1189714159585034 1 116 17 8 1 
0 350 0.09383010864257812 2.139926302435212 1 116 19 9 1 
0 400 0.10086345672607422 1.8814716418235466 1 133 21 10 1 
0 450 0.10843992233276367 1.8796724813100747 1 134 23 11 1 
0 500 0.09995055198669434 1.8188197319486352 1 134 26 12 1 
0 550 0.09877920150756836 1.8322687784303857 1 134 28 13 1 
0 600 0.09820151329040527 1.8439361695640775 1 134 30 14 1 
0 650 0.16092848777770996 1.8541501990421654 1 134 32 15 1 
0 700 0.13190531730651855 1.8631631723372024 1 134 34 16 1 
0 750 0.1873774528503418 1.8711721897542877 1 134 36 17 1 
0 800 0.4031863212585449 1.878333462162789 1 134 38 18 1 
0 850 0.10647296905517578 1.8847723915747827 1 134 40 19 1 
0 900 0.10792827606201172 1.8905908096280089 1 134 42 20 1 
0 950 0.1461031436920166 1.9393835744558043 1 134 43 21 1 
0 1000 0.12666010856628418 1.942392449521606 1 134 45 22 1 
0 1050 0.10824775695800781 1.9451345208520534 1 134 47 23 1 
0 1100 0.11124229431152344 1.947642090709627 1 134 49 24 1 
0 1150 0.11513566970825195 1.9499424496152022 1 134 51 25 1 
0 1200 0.11179018020629883 1.952058812028311 1 134 53 26 1 
0 1250 0.11555290222167969 1.9540110499458894 1 134 55 27 1 
0 1300 0.11458706855773926 1.9558162735685078 1 134 57 28 1 
0 1350 0.11481237411499023 1.9574892949804181 1 134 59 29 1 
0 1400 0.11477780342102051 1.991379906423583 1 134 60 30 1 
0 1450 0.11499667167663574 1.9918145524273567 1 134 62 31 1 
0 1500 0.11692285537719727 1.9922121567598883 1 134 64 32 1 
0 1550 0.12001633644104004 1.9925760607836334 1 134 66 33 1 
0 1600 0.12029910087585449 1.9929092159839785 1 134 68 34 1 
0 1650 0.13072419166564941 1.993214239221961 1 134 70 35 1 
0 1700 0.12053751945495605 1.993493458849588 1 134 72 36 1 
0 1750 0.12958025932312012 1.9937489534034152 1 134 74 37 1 
0 1800 0.12395906448364258 1.8841774886930414 1 140 77 38 1 
0 1850 0.13176465034484863 1.8850044361601315 1 140 79 39 1 
0 1900 0.1373908519744873 1.8857835059421824 1 140 81 40 1 
0 1950 0.14037132263183594 1.8642184415220135 1 140 84 41 1 
0 2000 0.12865877151489258 1.86541921554516 1 140 86 42 1 
0 2050 0.1278672218322754 1.8665590166401185 1 140 88 43 1 
0 2100 0.13393735885620117 1.8676418859567243 1 140 90 44 1 
0 2150 0.13189029693603516 1.868671515375807 1 140 92 45 1 
0 2200 0.13492059707641602 1.869651284444411 1 140 94 46 1 
0 2250 0.13944745063781738 1.8705842927210143 1 140 96 47 1 
0 2300 0.13821673393249512 1.8714733881827141 1 140 98 48 1 
0 2350 0.14063119888305664 1.8723211922426217 1 140 100 49 1 
0 2400 0.14475297927856445 1.8731301218401768 1 140 102 50 1 
0 2450 0.14506793022155762 1.8739024089962966 1 140 104 51 1 
0 2500 0.13824152946472168 1.8746401181664176 1 140 106 52 1 
0 2550 0.14169621467590332 1.8582379365897406 1 140 109 53 1 
0 2600 0.138932466506958 1.846081528145265 1 141 111 54 1 
0 2650 0.1464548110961914 1.8470113358766016 1 141 113 55 1 
0 2700 0.1856529712677002 1.847903883332735 1 141 115 56 1 
0 2750 0.1489732265472412 1.8357980622131564 1 142 117 57 1 
0 2800 0.14569568634033203 1.8366168895306754 1 142 119 58 1 
0 2850 0.15378236770629883 1.7972219847322861 1 144 122 59 1 
0 2900 0.16502594947814941 1.8127458693941778 1 144 123 60 1 
1 0 1.814134120941162 1.8134659758355933 1 144 125 61 1 
1 50 0.1855618953704834 1.8284840458213296 1 144 126 62 1 
1 100 0.14763450622558594 1.828933621019431 1 144 128 63 1 
1 150 0.15323185920715332 1.8293651213754116 1 144 130 64 1 
1 200 0.1558239459991455 1.8297793659469133 1 144 132 65 1 
1 250 0.19323062896728516 1.830177125096766 1 144 134 66 1 
1 300 0.15178442001342773 1.8305591240587387 1 144 136 67 1 
1 350 0.1616380214691162 1.8178161577470366 1 144 139 68 1 
2 0 0.18623900413513184 1.8312785359724313 1 144 140 69 1 
2 50 0.20973420143127441 1.844546343159426 1 144 141 70 1 
2 100 0.15622782707214355 1.8576236716199563 1 144 142 71 1 
2 150 0.20253968238830566 1.870514499734794 1 144 143 72 1 
2 200 0.15792179107666016 1.8832226958909755 1 144 144 73 1 
2 250 0.16394925117492676 1.882827445178435 1 144 146 74 1 
2 300 0.16306829452514648 1.8951857018767604 1 144 147 75 1 
2 350 0.16609954833984375 1.9073734111031069 1 144 148 76 1 
2 400 0.18914055824279785 1.9193939921998653 1 144 149 77 1 
2 450 0.16173553466796875 1.9312507737382907 1 144 150 78 1 
2 500 0.16617703437805176 1.9302225782254683 1 144 152 79 1 
2 550 0.16701579093933105 1.9417693924104684 1 144 153 80 1 
2 600 0.19764447212219238 1.9531627748675977 1 144 154 81 1 
2 650 0.16263508796691895 1.9644056832678651 1 144 155 82 1 
2 700 0.16579151153564453 1.9629746928130194 1 144 157 83 1 
2 750 0.17850017547607422 1.9739354358617853 1 144 158 84 1 
2 800 0.16666722297668457 1.9847548987150712 1 144 159 85 1 
2 850 0.17321109771728516 1.9830968112825995 1 144 161 86 1 
2 900 0.17513227462768555 1.9814758578803522 1 144 163 87 1 
2 950 0.16931414604187012 1.9798906935346279 1 144 165 88 1 
2 1000 0.1706998348236084 1.9783400374849334 1 144 167 89 1 
2 1050 0.17195796966552734 1.9885382862666574 1 144 168 90 1 
2 1100 0.17254185676574707 1.9986125829927281 1 144 169 91 1 
2 1150 0.1774444580078125 2.0085651070436232 1 144 170 92 1 
2 1200 0.17803359031677246 2.018397987027814 1 144 171 93 1 
2 1250 0.17387819290161133 2.016440685246212 1 144 173 94 1 
2 1300 0.17585062980651855 2.026052597638617 1 144 174 95 1 
2 1350 0.1774299144744873 2.0240354206198607 1 144 176 96 1 
2 1400 0.22217583656311035 2.0220603093095044 1 144 178 97 1 
2 1450 0.17912936210632324 2.0313633948181904 1 144 179 98 1 
2 1500 0.17922711372375488 2.029333953976995 1 144 181 99 1 
2 1550 0.17853355407714844 2.0273457023321515 1 144 183 100 1 
2 1600 0.23462486267089844 2.0253973087542545 1 144 185 101 1 
2 1650 0.22513318061828613 2.0234874988892724 1 144 187 102 1 
2 1700 0.1938469409942627 1.9806744468914526 1 147 189 103 1 
2 1750 0.1890420913696289 1.9788783977286593 1 147 191 104 1 
2 1800 0.1809086799621582 1.9873719076700134 1 147 192 105 1 
2 1850 0.18518495559692383 1.9957745818982566 1 147 193 106 1 
2 1900 0.19939661026000977 2.0040878206162773 1 147 194 107 1 
2 1950 0.18602871894836426 2.0020880831216714 1 147 196 108 1 
2 2000 0.19166350364685059 2.010237319683574 1 147 197 109 1 
2 2050 0.19500732421875 2.0183014752883364 1 147 198 110 1 
2 2100 0.18987059593200684 2.0262818286230058 1 147 199 111 1 
2 2150 0.23082971572875977 2.034179632894144 1 147 200 112 1 
2 2200 0.19356393814086914 2.041996116459369 1 147 201 113 1 
2 2250 0.20017337799072266 2.049732483440194 1 147 202 114 1 
2 2300 0.19844818115234375 2.057389914316833 1 147 203 115 1 
2 2350 0.1992475986480713 2.0649695665055607 1 147 204 116 1 
2 2400 0.23124384880065918 2.072472574919244 1 147 205 117 1 
2 2450 0.19439029693603516 2.0799000525116007 1 147 206 118 1 
2 2500 0.1972489356994629 2.087253090805741 1 147 207 119 1 
2 2550 0.20660924911499023 2.0945327604075126 1 147 208 120 1 
2 2600 0.20052719116210938 2.1017401115041645 1 147 209 121 1 
2 2650 0.21470022201538086 2.1088761743488087 1 147 210 122 1 
2 2700 0.1977241039276123 2.115941959731159 1 147 211 123 1 
2 2750 0.19495773315429688 2.1229384594349847 1 147 212 124 1 
2 2800 0.19972848892211914 2.1298666466827325 1 147 213 125 1 
2 2850 0.20404982566833496 2.1367274765677164 1 147 214 126 1 
2 2900 0.20169997215270996 2.1435218864742924 1 147 215 127 1 
2 2950 0.21468567848205566 2.1502507964863993 1 147 216 128 1 
2 3000 0.20217204093933105 2.1569151097848427 1 147 217 129 1 
2 3050 0.0380244255065918 2.1736082506546515 1 147 217 129 1 
2 3100 0.20327305793762207 2.180130845603921 1 147 218 130 1 
2 3150 0.21784400939941406 2.1865913108648267 1 147 219 131 1 
2 3200 0.22211170196533203 2.1831089468482734 1 147 221 132 1 
2 3250 0.20525503158569336 2.1796865138015655 1 147 223 133 1 
2 3300 0.208906888961792 2.1763224181360203 1 147 225 134 1 
2 3350 0.20953631401062012 2.173015122283419 1 147 227 135 1 
2 3400 0.21653532981872559 2.1697631422557926 1 147 229 136 1 
2 3450 0.21327996253967285 2.1665650453316556 1 147 231 137 1 
3 0 0.2211155891418457 2.163419447861116 1 147 233 138 1 
3 50 0.22169017791748047 2.1695191526965907 1 147 234 139 1 
3 100 0.23624920845031738 2.1663839185685476 1 147 236 140 1 
3 150 0.2878592014312744 2.1723893121803015 1 147 237 141 1 
3 200 0.21297836303710938 2.1783418670176875 1 147 238 142 1 
3 250 0.2200007438659668 2.184242244852439 1 147 239 143 1 
3 300 0.21290326118469238 2.181041029267523 1 147 241 144 1 
3 350 0.259732723236084 2.186852602764424 1 147 242 145 1 
3 400 0.2148282527923584 2.1836649114201405 1 147 244 146 1 
3 450 0.2741544246673584 2.1805267867054576 1 147 246 147 1 
3 500 0.21632003784179688 2.177437032666968 1 147 248 148 1 
3 550 0.21720480918884277 2.1657668958017964 1 147 251 149 1 
3 600 0.2241818904876709 2.1628503789762665 1 147 253 150 1 
3 650 0.22106051445007324 2.1599774410250814 1 147 255 151 1 
3 700 0.22607994079589844 2.1655391093493064 1 147 256 152 1 
3 750 0.21765685081481934 2.1626745543433423 1 147 258 153 1 
3 800 0.2805311679840088 2.159851945632759 1 147 260 154 1 
3 850 0.2728400230407715 2.157070325159339 1 147 262 155 1 
3 900 0.22494769096374512 2.162486859888872 1 147 263 156 1 
3 950 0.2335364818572998 2.159712778704035 1 147 265 157 1 
3 1000 0.24733853340148926 2.1569781956410123 1 147 267 158 1 
3 1050 0.22785353660583496 2.154282232010306 1 147 269 159 1 
3 1100 0.23219561576843262 2.1516240350065816 1 147 271 160 1 
3 1150 0.29283690452575684 2.1490027767625257 1 147 273 161 1 
3 1200 0.261324405670166 2.1542196208180657 1 147 274 162 1 
3 1250 0.24997901916503906 2.151604151969191 1 147 276 163 1 
3 1300 0.23351836204528809 2.1413527112535475 1 147 279 164 1 
3 1350 0.23807501792907715 2.1388713972702638 1 147 281 165 1 
3 1400 0.24250078201293945 2.1364232264361647 1 147 283 166 1 
3 1450 0.24650883674621582 2.1340075028111833 1 147 285 167 1 
3 1500 0.2434098720550537 2.131623549815401 1 147 287 168 1 
3 1550 0.24338006973266602 2.1292707095604735 1 147 289 169 1 
3 1600 0.2444148063659668 2.1196932883696205 1 147 292 170 1 
3 1650 0.2522141933441162 2.1103085222834665 1 147 295 171 1 
3 1700 0.24691414833068848 2.1081570071482028 1 147 297 172 1 
3 1750 0.2500295639038086 2.1060324642181043 1 147 299 173 1 
3 1800 0.25179243087768555 2.103934357248054 1 147 301 174 1 
3 1850 0.3095214366912842 1.9573181739342818 1 158 303 175 1 
3 1900 0.2679414749145508 1.9554219843809697 1 158 305 176 1 
3 1950 0.26299476623535156 1.9535489720692114 1 158 307 177 1 
3 2000 0.27478766441345215 1.9516986880903928 1 158 309 178 1 
3 2050 0.26984691619873047 1.9498706950620766 1 158 311 179 1 
3 2100 0.26799464225769043 1.9480645667604257 1 158 313 180 1 
3 2150 0.2743706703186035 1.9462798877666059 1 158 315 181 1 
3 2200 0.2738018035888672 1.9445162531265472 1 158 317 182 1 
3 2250 0.27280282974243164 1.9427732680234853 1 158 319 183 1 
3 2300 0.27849268913269043 1.9410505474627175 1 158 321 184 1 
3 2350 0.2761411666870117 1.9273068416190773 1 159 323 185 1 
3 2400 0.27910304069519043 1.925634798726541 1 159 325 186 1 
3 2450 0.2877511978149414 1.9298612258786654 1 159 326 187 1 
3 2500 0.2706139087677002 1.9340603114706918 1 159 327 188 1 
3 2550 0.2864186763763428 1.932363396615998 1 159 329 189 1 
3 2600 0.2777705192565918 1.936513878384666 1 159 330 190 1 
3 2650 0.28365015983581543 1.93481476919804 1 159 332 191 1 
3 2700 0.2807636260986328 1.9331346315031666 1 159 334 192 1 
3 2750 0.2789020538330078 1.937216708378535 1 159 335 193 1 
3 2800 0.2813441753387451 1.9412730340376094 1 159 336 194 1 
3 2850 0.28026366233825684 1.9395705305402986 1 159 338 195 1 
3 2900 0.2834584712982178 1.9322254399238952 1 159 341 196 1 
3 2950 0.28336000442504883 1.930597811928206 1 159 343 197 1 
3 3000 0.28678083419799805 1.928987725725087 1 159 345 198 1 
3 3050 0.3082244396209717 1.9329440673326748 1 159 346 199 1 
3 3100 0.28656768798828125 1.9368761982514313 1 159 347 200 1 
3 3150 0.3217189311981201 1.9407843269388911 1 159 348 201 1 
3 3200 0.29134106636047363 1.9446686594701035 1 159 349 202 1 
3 3250 0.28484034538269043 1.9429994624275555 1 159 351 203 1 
3 3300 0.29004335403442383 1.941347882043387 1 159 353 204 1 
3 3350 0.2899816036224365 1.9397136213104325 1 159 355 205 1 
3 3400 0.2883720397949219 1.9380963898663464 1 159 357 206 1 
3 3450 0.32149481773376465 1.9364959038088072 1 159 359 207 1 
3 3500 0.29366445541381836 1.9402658238103332 1 159 360 208 1 
3 3550 0.2946763038635254 1.9440135039509472 1 159 361 209 1 
3 3600 0.2934551239013672 1.9477391283444314 1 159 362 210 1 
4 0 0.34842824935913086 1.9514428790814002 1 159 363 211 1 
4 50 0.2897791862487793 1.9551249362570118 1 159 364 212 1 
4 100 0.36080002784729004 1.9534545832585848 1 159 366 213 1 
4 150 0.33699798583984375 1.9518011449179777 1 159 368 214 1 
4 200 0.2982010841369629 1.9501643476175474 1 159 370 215 1 
5 0 0.3086419105529785 1.9537754046137061 1 159 371 216 1 
5 50 0.31125378608703613 1.957365732735485 1 159 372 217 1 
5 100 0.3425142765045166 1.955713046738106 1 159 374 218 1 
5 150 0.2978935241699219 1.9592669756367191 1 159 375 219 1 
5 200 0.3008081912994385 1.9576149462113142 1 159 377 220 1 
5 250 0.30596089363098145 1.950852170527474 1 159 380 221 1 
5 300 0.34154844284057617 1.9441940270765588 1 159 383 222 1 
5 350 0.3074920177459717 1.9376380810919398 1 159 386 223 1 
5 400 0.313962459564209 1.9311819727739103 1 159 389 224 1 
5 450 0.35155606269836426 1.9297269051598582 1 159 391 225 1 
5 500 0.3100900650024414 1.928285492593334 1 159 393 226 1 
5 550 0.3172736167907715 1.926857528188405 1 159 395 227 1 
5 600 0.3103365898132324 1.9254428092219928 1 159 397 228 1 
5 650 0.3593556880950928 1.9240411370296928 1 159 399 229 1 
5 700 0.31355762481689453 1.9226523169047054 1 159 401 230 1 
5 750 0.3125755786895752 1.9212761579997748 1 159 403 231 1 
5 800 0.3520479202270508 1.9199124732320263 1 159 405 232 1 
5 850 0.32560062408447266 1.9185610791906071 1 159 407 233 1 
5 900 0.3149693012237549 1.917221796047033 1 159 409 234 1 
5 950 0.3267481327056885 1.9158944474681492 1 159 411 235 1 
5 1000 0.3597886562347412 1.9145788605316143 1 159 413 236 1 
5 1050 0.3141047954559326 1.917877978147428 1 159 414 237 1 
5 1100 0.3264026641845703 1.921160019820429 1 159 415 238 1 
5 1150 0.3282310962677002 1.9198285486448918 1 159 417 239 1 
5 1200 0.3215813636779785 1.9230801200262662 1 159 418 240 1 
6 0 0.345320463180542 1.9263150054040796 1 159 419 241 1 
6 50 0.33261823654174805 1.9295333239040295 1 159 420 242 1 
6 100 0.3930950164794922 1.9327351935231147 1 159 421 243 1 
6 150 0.3278768062591553 1.9359207311429725 1 159 422 244 1 
6 200 0.3337669372558594 1.9390900525430235 1 159 423 245 1 
6 250 0.3379018306732178 1.9422432724134344 1 159 424 246 1 
6 300 0.3501577377319336 1.9453805043678956 1 159 425 247 1 
6 350 0.32897448539733887 1.9485018609562201 1 159 426 248 1 
6 400 0.33293843269348145 1.9470662984187388 1 159 428 249 1 
6 450 0.3279531002044678 1.9501597076343127 1 159 429 250 1 
6 500 0.3355286121368408 1.953237593041591 1 159 430 251 1 
6 550 0.3326609134674072 1.95630006266475 1 159 431 252 1 
6 600 0.35955357551574707 1.9593472235304517 1 159 432 253 1 
6 650 0.4051513671875 1.9623791816793306 1 159 433 254 1 
6 700 0.3337070941925049 1.9653960421773222 1 159 434 255 1 
6 750 0.3305506706237793 1.9683979091268355 1 159 435 256 1 
6 800 0.35066652297973633 1.971384885677771 1 159 436 257 1 
6 850 0.34914135932922363 1.9743570740383902 1 159 437 258 1 
6 900 0.32365918159484863 1.9773145754860348 1 159 438 259 1 
6 950 0.37566566467285156 1.9802574903777 1 159 439 260 1 
6 1000 0.3358194828033447 1.9831859181604647 1 159 440 261 1 
6 1050 0.32778143882751465 1.98609995738178 1 159 441 262 1 
7 0 0.38199758529663086 1.9889997056996174 1 159 442 263 1 
7 50 0.3345301151275635 1.991885259892482 1 159 443 264 1 
7 100 0.34274744987487793 1.9947567158692885 1 159 444 265 1 
7 150 0.3690452575683594 1.9976141686791058 1 159 445 266 1 
7 200 0.34490394592285156 2.00045771252077 1 159 446 267 1 
7 250 0.32540082931518555 2.0032874407523704 1 159 447 268 1 
7 300 0.35139036178588867 2.0061034459006066 1 159 448 269 1 
7 350 0.3561110496520996 2.0089058196700216 1 159 449 270 1 
7 400 0.3360910415649414 2.0116946529521127 1 159 450 271 1 
7 450 0.35575270652770996 2.014470035834323 1 159 451 272 1 
7 500 0.36471128463745117 2.0172320576089082 1 159 452 273 1 
7 550 0.34162068367004395 2.0199808067816947 1 159 453 274 1 
7 600 0.3558180332183838 2.018290503779153 1 159 455 275 1 
7 650 0.3542470932006836 2.0210167911393047 1 159 456 276 1 
7 700 0.34630894660949707 2.023730078664806 1 159 457 277 1 
8 0 0.3771219253540039 2.0264304515359757 1 159 458 278 1 
8 50 0.35810160636901855 2.0247265715232654 1 159 460 279 1 
8 100 0.4082365036010742 2.027405176236377 1 159 461 280 1 
8 150 0.3551030158996582 2.0300711284771866 1 159 462 281 1 
8 200 0.355358362197876 2.032724510262136 1 159 463 282 1 
8 250 0.34592556953430176 2.035365402902413 1 159 464 283 1 
8 300 0.3591177463531494 2.0379938870115133 1 159 465 284 1 
8 350 0.35977768898010254 2.0406100425127094 1 159 466 285 1 
8 400 0.3483459949493408 2.0432139486464185 1 159 467 286 1 
8 450 0.3540074825286865 2.0414635361961424 1 159 469 287 1 
8 500 0.35552239418029785 2.044047012688357 1 159 470 288 1 
8 550 0.3556954860687256 2.0423022948106073 1 159 472 289 1 
8 600 0.3701660633087158 2.040571354135597 1 159 474 290 1 
8 650 0.3606834411621094 2.038854017412302 1 159 476 291 1 
8 700 0.3923358917236328 2.0371501142855117 1 159 478 292 1 
8 750 0.3638434410095215 2.035459477235581 1 159 480 293 1 
8 800 0.35999631881713867 2.0337819415196727 1 159 482 294 1 
8 850 0.35594654083251953 2.032117345114461 1 159 484 295 1 
8 900 0.38675904273986816 2.030465528660243 1 159 486 296 1 
8 950 0.35572099685668945 2.0288263354064284 1 159 488 297 1 
8 1000 0.3543214797973633 2.0230899265414495 1 159 491 298 1 
8 1050 0.359943151473999 2.021495469124406 1 159 493 299 1 
8 1100 0.358414888381958 2.0199129942423344 1 159 495 300 1 
8 1150 0.3691895008087158 2.018342357594018 1 159 497 301 1 
8 1200 0.3948674201965332 2.012768476960439 1 159 500 302 1 
8 1250 0.3665461540222168 2.015236033300468 1 159 501 303 1 
8 1300 0.3719165325164795 2.0137000684223985 1 159 503 304 1 
8 1350 0.3856039047241211 2.0121753872235493 1 159 505 305 1 
8 1400 0.3656735420227051 2.0106618565056564 1 159 507 306 1 
8 1450 0.3761556148529053 2.00915934516137 1 159 509 307 1 
8 1500 0.3910245895385742 2.007667724133388 1 159 511 308 1 
8 1550 0.3774118423461914 2.0061868663745397 1 159 513 309 1 
8 1600 0.3737912178039551 2.0047166468088027 1 159 515 310 1 
8 1650 0.388718843460083 2.0032569422932203 1 159 517 311 1 
8 1700 0.38245391845703125 2.0018076315807005 1 159 519 312 1 
8 1750 0.3758234977722168 2.000368595283669 1 159 521 313 1 
8 1800 0.39321327209472656 1.9989397158385565 1 159 523 314 1 
8 1850 0.39676380157470703 1.9975208774710975 1 159 525 315 1 
8 1900 0.3774237632751465 1.9961119661624156 1 159 527 316 1 
8 1950 0.3792874813079834 1.99471286961588 1 159 529 317 1 
8 2000 0.38056349754333496 1.989594217806773 1 159 532 318 1 
8 2050 0.3750431537628174 1.9919436800402999 1 159 533 319 1 
8 2100 0.38005924224853516 1.994283433822657 1 159 534 320 1 
9 0 0.45264148712158203 1.9929061172650406 1 159 536 321 1 
9 50 0.5015866756439209 1.991538217642089 1 159 538 322 1 
9 100 0.4871246814727783 1.9901796306036188 1 159 540 323 1 
9 150 0.37544870376586914 1.9888302533378777 1 159 542 324 1 
9 200 0.3751351833343506 1.987489984543297 1 159 544 325 1 
9 250 0.38802266120910645 1.9861587244008634 1 159 546 326 1 
9 300 0.4844090938568115 1.9848363745470958 1 159 548 327 1 
9 350 0.3871283531188965 1.9871185704177314 1 159 549 328 1 
9 400 0.424635648727417 1.989391586112774 1 159 550 329 1 
9 450 0.38113832473754883 1.9880646880145318 1 159 552 330 1 
9 500 0.38639235496520996 1.9903219788899504 1 159 553 331 1 
9 550 0.40795469284057617 1.9925702460794334 1 159 554 332 1 
9 600 0.39472103118896484 1.994809538429666 1 159 555 333 1 
9 650 0.40029025077819824 1.9970399044368383 1 159 556 334 1 
9 700 0.4235546588897705 1.9992613922497837 1 159 557 335 1 
9 750 0.3898940086364746 2.001474049673082 1 159 558 336 1 
9 800 0.39670538902282715 2.0001173912861834 1 159 560 337 1 
9 850 0.4176597595214844 2.0023150331955417 1 159 561 338 1 
9 900 0.3927328586578369 2.000961041644082 1 159 563 339 1 
9 950 0.39355993270874023 1.999615855268382 1 159 565 340 1 
9 1000 0.4254746437072754 1.9982793811493331 1 159 567 341 1 
9 1050 0.4050629138946533 2.0004499716388264 1 159 568 342 1 
9 1100 0.4049837589263916 2.002612082209269 1 159 569 343 1 
9 1150 0.42462158203125 2.0047657575678093 1 159 570 344 1 
9 1200 0.40325236320495605 2.0069110421092224 1 159 571 345 1 
9 1250 0.40779900550842285 2.0055592243629743 1 159 573 346 1 
9 1300 0.4312300682067871 2.0076902967845585 1 159 574 347 1 
9 1350 0.4054994583129883 2.0098131156942265 1 159 575 348 1 
9 1400 0.39500927925109863 2.0084583060095444 1 159 577 349 1 
9 1450 0.40691232681274414 2.0071120959239472 1 159 579 350 1 
9 1500 0.40189480781555176 2.0092152454280523 1 159 580 351 1 
